19
1 0 -1 613 soleil.png
2 0 708 439 phytoplancton.jpg
3 0 771 354 protozoaire.jpg
4 0 -1 414 macroalgue.jpg
5 0 -1 268 zooplancton.png
6 0 417 431 krill.jpg
7 0 532 280 etoile.jpg
8 0 249 381 coquillage.jpg
9 0 413 593 crabe.png
10 0 179 -1 rorqual.jpg
11 0 609 12 baleine_bleue.jpg
12 0 211 205 calamar.jpg
13 0 399 128 pieuvre.jpg
14 0 435 -1 thon.jpg
15 0 721 203 albatros.jpg
16 0 771 -1 pingouin.jpg
17 0 736 32 phoque.jpg
18 0 109 -1 leopard.png
19 0 277 -1 orque.jpg
44
1 1 2 0 1
2 1 3 0 1
3 1 4 0 1
4 2 3 0 1
5 2 5 0 1
6 3 7 0 1
7 3 8 0 1
8 3 9 0 1
9 3 13 0 1
10 4 7 0 1
11 4 8 0 1
12 4 9 0 1
13 4 13 0 1
14 5 6 0 1
15 5 10 0 1
16 6 10 0 1
17 6 11 0 1
18 6 12 0 1
19 6 18 0 1
20 6 17 0 1
21 6 16 0 1
22 6 14 0 1
23 6 15 0 1
24 6 7 0 1
25 6 13 0 1
26 7 13 0 1
27 8 13 0 1
28 9 13 0 1
29 12 19 0 1
30 12 16 0 1
31 12 18 0 1
32 12 17 0 1
33 12 15 0 1
34 13 15 0 1
35 13 16 0 1
36 13 17 0 1
37 14 19 0 1
38 14 18 0 1
39 14 17 0 1
40 14 15 100 1
41 14 12 0 1
42 16 18 0 1
43 17 18 0 1
44 17 19 0 1
