16
1 100 -1 613 soleil.png
2 0 183 432 macroalgue.jpg
3 56.7358 -1 268 zooplancton.png
4 0 433 359 krill.jpg
5 0 564 126 etoile.jpg
6 0 413 593 crabe.png
7 0 179 -1 rorqual.jpg
8 0 609 12 baleine_bleue.jpg
9 0 246 144 calamar.jpg
10 0 699 462 pieuvre.jpg
11 0 435 -1 thon.jpg
12 0 566 115 albatros.jpg
13 0 771 -1 pingouin.jpg
14 0 736 32 phoque.jpg
15 0 109 -1 leopard.png
16 0 277 -1 orque.jpg
35
1 1 2 37.5 1
2 2 5 0 1
3 2 6 0 1
4 2 10 0 1
5 3 4 37.5 1
6 3 7 0 1
7 4 7 0 1
8 4 8 0 1
9 4 9 0 1
10 4 15 0 1
11 4 14 0 1
12 4 13 0 1
13 4 11 0 1
14 4 12 0 1
15 4 5 0 1
16 4 10 0 1
17 5 10 0 1
18 6 10 0 1
19 9 16 0 1
20 9 13 0 1
21 9 15 0 1
22 9 14 0 1
23 9 12 0 1
24 10 12 0 1
25 10 13 0 1
26 10 14 0 1
27 11 16 0 1
28 11 15 0 1
29 11 14 0 1
30 11 12 100 1
31 11 9 0 1
32 13 15 0 1
33 14 15 0 1
34 14 16 0 1
35 1 3 46.875 2
