11
1 8.78981 94 143 ours.jpg
2 3.03102 474 565 aigle.jpg
3 6.02284 229 9 loup.jpg
4 67.4989 705 547 buffle.jpg
5 63.2776 720 182 raton.jpg
6 0 -3 287 caribou.jpg
7 59.109 363 212 lapin.jpg
8 0 648 403 lichen.jpg
9 79.7089 605 -3 herbe.jpg
10 0 101 487 fleur.jpg
11 100 314 537 soleil.png
17
0 6 1 1 1
1 7 1 1 2
2 5 2 1 1
3 7 2 1 1
4 5 3 1 2
5 6 3 1 1
6 7 3 1 1
7 9 4 1 1
8 8 5 2 1
9 9 5 1 1
10 10 5 2 1
11 10 6 1 1
12 9 7 1 1
13 10 7 2 1
14 11 8 1 1
15 11 9 1 1
16 11 10 1 1
