14
1 5 -3 -3 aigle.jpg
3 10 -2 277 coyote.jpg
4 8 151 128 loup.jpg
5 4 286 -3 grizzly.jpg
6 5 259 358 humain.png
7 50 575 -3 truite.jpg
8 20 -3 611 antilope.png
9 10 759 35 elan.jpg
10 10 528 233 bison.jpg
11 10 558 414 mouflon.jpg
12 100 765 328 conifere.jpg
13 100 596 607 feuillu.jpg
14 100 298 603 herbe.jpg
15 100 761 480 soleil.png
29
2 3 1 2 1
3 4 1 2 2
4 5 1 2 2
8 4 3 2 2
9 7 6 2 2
10 8 3 2 2
11 9 3 2 1
12 10 3 2 1
13 10 4 2 1
14 8 5 2 1
15 9 5 2 1
16 10 5 2 2
17 11 5 2 2
18 7 5 2 1
19 8 6 2 1
20 9 6 2 1
23 10 6 2 1
24 11 6 2 2
25 14 8 2 1
26 12 9 2 1
27 13 9 2 1
28 14 9 2 2
29 14 10 2 1
30 13 11 2 2
31 14 11 2 1
34 15 14 2 1
35 15 13 2 1
36 15 12 2 1
37 9 4 2 2
