14
1 5 1 1 aigle.jpg
3 10 2 281 coyote.jpg
4 8 155 132 loup.jpg
5 4 290 1 grizzly.jpg
6 5 263 362 humain.png
7 50 579 1 truite.jpg
8 20 1 615 antilope.png
9 10 763 39 elan.jpg
10 10 532 237 bison.jpg
11 10 562 418 mouflon.jpg
12 100 769 332 conifere.jpg
13 100 600 611 feuillu.jpg
14 100 302 607 herbe.jpg
15 100 765 484 soleil.png
29
2 3 1 2 1
3 4 1 2 2
4 5 1 2 2
8 4 3 2 2
9 7 6 2 2
10 8 3 2 2
11 9 3 2 1
12 10 3 2 1
13 10 4 2 1
14 8 5 2 1
15 9 5 2 1
16 10 5 2 2
17 11 5 2 2
18 7 5 2 1
19 8 6 2 1
20 9 6 2 1
23 10 6 2 1
24 11 6 2 2
25 14 8 2 1
26 12 9 2 1
27 13 9 2 1
28 14 9 2 2
29 14 10 2 1
30 13 11 2 2
31 14 11 2 1
34 15 14 2 1
35 15 13 2 1
36 15 12 2 1
37 9 4 2 2